80.405
92.12
72.72
56.80000000000001
72.12
88.88999999999999
80.76000000000005
71.13499999999999
87.39999999999998
138.20500000000004
72.46499999999992
93.355
55.14999999999999
64.465
94.50500000000002
60.185
90.555
56.02499999999998
81.54499999999996
75.68500000000006
59.184999999999945
57.48000000000002
80.97500000000002
94.94000000000005
111.565
85.04500000000002
89.85500000000002
111.70999999999998
73.92000000000002
115.79499999999996
81.76499999999999
74.09500000000003
70.94500000000005
85.53499999999997
122.895
72.93500000000002
54.014999999999986
64.93500000000003
133.35499999999996
62.650000000000034
60.14000000000004
63.979999999999905
92.84000000000003
94.08500000000004
70.60500000000002
91.64999999999998
101.105
78.52999999999999
69.79500000000002
68.75
96.495
96.005
52.275000000000034
55.00999999999999
113.02499999999998
112.72000000000003
94.67499999999995
79.405
73.44999999999999
64.54000000000002
75.12499999999997
66.41500000000002
154.63500000000005
61.07499999999993
80.98000000000002
58.54499999999996
73.97500000000002
70.86500000000001
64.33500000000004
139.04500000000002
66.405
61.91499999999999
90.64499999999998
54.56999999999999
109.66000000000003
72.21000000000004
76.85000000000002
60.25999999999999
81.70499999999993
70.495
67.53500000000008
109.185
73.21000000000001
66.76499999999999
54.940000000000026
116.99000000000001
63.14999999999998
76.27499999999998
78.65499999999997
61.10000000000002
67.78000000000009
79.42499999999995
70.88
76.11000000000001
101.915
67.46999999999998
79.67500000000001
55.31999999999999
58.57499999999999
65.055
88.41499999999996
56.120000000000005
59.25500000000011
78.96999999999991
61.72000000000003
64.23000000000002
70.42999999999995
65.18500000000006
73.85000000000001
64.62499999999999
61.68000000000001
64.54499999999999
61.210000000000036
71.85999999999996
59.44500000000005
82.90499999999997
93.26999999999998
106.32500000000005
81.91499999999996
91.79000000000008
74.77499999999998
77.72
81.69
102.525
96.60500000000002
75.14999999999998
62.735000000000014
75.26000000000005
69.86500000000001
75.51499999999999
62.79499999999996
130.985
91.485
58.67
91.62
55.059999999999974
64.07000000000005
82.95999999999998
79.44500000000005
70.6049999999999
60.745000000000005
71.43500000000006
63.10500000000002
83.61500000000001
79.02499999999998
76.77
58.355000000000004
58.55500000000001
79.07
72.07499999999999
66.38500000000005
109.10000000000002
66.28499999999997
100.255
72.23000000000002
90.10000000000002
72.80999999999995
69.75
119.12
74.61000000000001
81.84499999999997
64.75999999999999
69.66000000000003
95.79000000000002
74.88499999999993
63.54500000000007
113.40999999999997
61.129999999999995
56.02499999999998
80.125
80.13
74.26000000000002
62.845
55.67500000000001
93.00999999999999
79.97499999999997
55.28000000000003
68.65000000000003
58.55499999999995
124.87
82.54500000000007
73.47499999999991
60.65000000000009
107.85000000000001
76.52
70.35499999999999
66.01000000000002
67.
112.40499999999997
67.79500000000007
74.92499999999995
74.26999999999998
112.70500000000004
70.73500000000001
89.54499999999996
70.75
136.55
77.21999999999997
71.81
84.96000000000004
85.95499999999998
73.35500000000002
71.05999999999995
63.860000000000014
132.135
90.17500000000007
91.57000000000001
60.55499999999999
94.70500000000001
82.37499999999997
65.565
65.64000000000004
62.51499999999993
59.950000000000045
54.97000000000003
62.84500000000003
117.11000000000001
60.27499999999998
70.25999999999999
89.295
78.64999999999999
64.26000000000002
94.48999999999998
54.66500000000002
105.35000000000002
69.91499999999996
115.58500000000004
60.254999999999995
76.06499999999994
58.61500000000001
60.98000000000002
61.264999999999986
195.01
86.42000000000002
83.96499999999997
60.190000000000055
97.63999999999999
86.70500000000004
67.64999999999998
61.95999999999992
133.95000000000005
50.745000000000005
62.65999999999997
116.32000000000001
57.43999999999998
67.45500000000001
62.630000000000024
76.555
99.75999999999999
70.87499999999994
57.585000000000036
72.19000000000005
64.92999999999995
69.25
100.91999999999996
64.67000000000007
91.045
70.67999999999999
76.87
118.89000000000001
121.08499999999998
64.23500000000007
85.03499999999997
89.38
60.09500000000003
98.29999999999995
81.15999999999997
133.
53.92500000000001
88.05000000000001
64.86500000000001
78.32499999999999
88.75
58.94499999999999
62.434999999999945
93.37
74.495
74.6450000000001
79.495
117.39
72.615
81.96500000000003
61.870000000000005
89.71499999999997
87.565
55.98000000000002
114.71500000000003
82.58999999999992
57.620000000000005
56.81000000000006
65.40999999999997
105.83
84.28500000000001
83.61500000000001
102.58999999999997
61.74000000000001
79.58499999999998
76.33000000000004
90.125
84.78499999999997
87.73000000000002
68.37
69.16999999999996
93.33
58.18500000000002
61.06
59.32499999999996
86.91500000000002
59.80500000000001
105.23000000000002
77.70500000000004
62.55499999999995
83.03999999999996
81.32500000000005
64.66999999999996
70.56000000000006
98.485
72.15500000000002
60.04999999999998
61.23000000000002
65.39499999999998
84.23000000000002
59.745000000000005
84.44
63.075000000000045
104.54999999999995
68.39999999999998
104.80500000000006
80.415
59.510000000000005
87.38499999999999
74.15500000000003
74.21499999999997
66.01999999999998
56.620000000000005
58.285000000000025
62.485000000000014
56.01999999999998
70.375
76.39499999999998
161.51999999999998
116.05
90.085
62.99000000000001
76.84000000000003
83.08499999999998
90.34999999999997
63.930000000000064
76.42499999999995
62.20500000000004
74.49000000000001
86.71499999999992
102.95000000000005
74.44500000000001
89.55
73.44
77.695
90.055
69.10500000000002
104.98999999999995
82.54500000000007
72.43999999999994
58.92000000000007
68.18499999999995
64.35000000000002
85.03
64.66499999999999
55.95500000000001
60.29499999999999
56.97500000000002
73.12
80.45499999999998
60.26999999999998
71.58500000000004
93.375
99.41999999999996
59.460000000000036
74.89999999999998
93.87
68.41999999999999
64.39500000000001
93.13499999999999
58.370000000000005
70.69
60.565
82.435
56.84500000000003
59.664999999999964
80.21000000000004
73.44500000000005
69.53499999999997
97.905
63.215
57.36500000000001
66.52499999999998
80.36000000000001
88.95999999999998
97.33499999999998
56.09000000000003
147.42500000000007
70.08499999999992
67.39999999999998
60.05000000000007
97.575
62.94500000000001
55.83500000000001
65.70999999999998
77.67000000000002
89.66500000000002
70.32499999999999
56.879999999999995
79.18499999999995
55.129999999999995
62.440000000000055
63.940000000000055
103.91499999999996
100.51
79.21499999999999
87.50500000000002
68.25
59.670000000000016
57.629999999999995
99.79000000000002
58.219999999999914
79.58500000000004
72.90999999999997
84.71500000000003
57.565000000000055
63.59999999999991
92.21000000000001
181.04999999999998
61.70500000000004
77.34499999999997
71.85500000000002
92.85499999999996
70.745
68.52499999999998
68.40000000000009
83.78999999999996
60.92999999999995
121.435
89.39000000000001
58.33500000000001
63.14999999999998
64.48000000000002
72.69999999999999
65.44500000000005
85.90999999999997
93.86500000000001
86.22000000000003
79.625
92.84499999999991
112.215
101.64000000000001
90.94999999999999
83.82999999999998
81.685
70.97999999999996
76.65000000000009
63.80499999999995
65.35000000000002
79.11000000000001
103.30499999999995
69.85500000000002
108.4
84.60499999999999
82.73500000000001
64.
71.79500000000002
62.88499999999999
67.40000000000003
57.049999999999955
65.73500000000001
69.52999999999997
58.5
56.52499999999998
59.04000000000008
64.85000000000002
69.965
60.245000000000005
76.24000000000001
95.41999999999999
81.42000000000002
63.85499999999996
69.61000000000001
65.39999999999998
61.93500000000006
56.75
72.24000000000001
81.52499999999998
67.245
68.45500000000004
111.3
56.44500000000001
111.59500000000003
179.945
73.23499999999996
87.78000000000009
92.43999999999994
69.06500000000005
90.20499999999993
63.305000000000064
99.325
68.76
86.065
62.715
69.005
94.97000000000003
65.16999999999996
73.41500000000008
151.93499999999995
82.10500000000002
92.83000000000004
92.045
75.615
61.099999999999994
83.10500000000002
151.89999999999998
78.255
93.61500000000001
93.59500000000003
81.29499999999996
148.07000000000005
104.815
64.60500000000002
68.86999999999998
101.69500000000002
73.94999999999999
76.45499999999998
58.19500000000005
79.07999999999993
82.875
52.22000000000003
90.16500000000008
72.08499999999992
72.43500000000006
141.465
83.055
73.16999999999999
76.31
64.78000000000003
94.57499999999999
59.379999999999995
65.52499999999998
65.80500000000006
65.11000000000001
63.3599999999999
78.16000000000008
126.54
65.12499999999999
88.07000000000002
65.11500000000001
76.09499999999997
68.62
66.41000000000003
92.53499999999997
76.51999999999998
68.19500000000005
84.60000000000002
87.32999999999993
86.27
76.84000000000002
60.370000000000005
62.69999999999999
68.22000000000003
66.63999999999999
70.5
53.454999999999984
59.289999999999964
74.61500000000001
62.36500000000001
101.00999999999999
60.59500000000003
68.69000000000005
65.93
72.03
71.34
82.245
116.45999999999998
76.11500000000001
64.07000000000005
88.33499999999992
91.82000000000005
65.42499999999995
69.90000000000009
121.52999999999997
83.655
87.215
103.19
72.435
62.454999999999984
107.08999999999997
57.440000000000055
78.78999999999996
60.29000000000008
54.27999999999997
59.05499999999995
66.95500000000004
74.11000000000001
183.20000000000002
67.30499999999998
67.875
102.505
75.54500000000002
97.81
65.16999999999996
52.88499999999999
57.91500000000008
77.07499999999993
62.020000000000095
65.28999999999996
91.295
69.675
70.715
69.25
74.14499999999998
91.35000000000002
79.54000000000002
66.19999999999993
82.0100000000001
84.33499999999992
82.56000000000006
64.87
69.53999999999996
87.175
83.72000000000001
58.07499999999999
70.76000000000002
96.40499999999997
71.11500000000001
75.44000000000005
53.77499999999998
138.89999999999998
113.09000000000003
105.53999999999996
128.37
87.88499999999999
55.420000000000016
62.629999999999995
64.47000000000003
77.05499999999995
63.81
62.93500000000006
61.75
75.46499999999992
70.48000000000002
57.47500000000002
87.68500000000006
119.19500000000001
70.94500000000001
60.09
89.93
59.68000000000001
81.
56.75
72.69499999999994
118.125
131.63
100.20000000000005
113.62
60.859999999999985
65.00500000000002
113.08499999999998
104.28500000000003
108.33000000000004
72.63499999999999
89.93999999999994
164.97000000000003
77.80499999999995
87.775
96.125
63.66
89.63499999999999
104.59500000000003
58.379999999999995
81.84999999999997
58.45500000000004
58.184999999999945
62.495000000000005
84.745
81.21500000000003
97.985
88.17999999999999
73.475
61.39000000000004
58.41999999999996
82.5
91.435
81.73500000000001
97.005
77.43500000000006
69.88999999999999
71.375
65.315
55.025000000000006
55.85499999999999
57.640000000000015
94.57000000000002
95.07499999999999
80.41500000000002
71.76999999999992
62.85500000000002
67.07500000000005
81.875
108.78999999999996
65.93000000000006
97.96000000000001
51.08500000000001
71.76999999999998
60.35500000000002
56.14999999999998
52.72000000000003
114.51499999999999
79.53000000000003
75.72000000000003
93.17499999999995
65.77499999999998
88.06500000000005
111.145
81.53500000000001
62.14500000000001
58.66999999999999
55.735000000000014
79.60500000000002
67.13499999999999
56.59500000000003
70.97499999999991
80.05000000000007
92.31999999999994
103.48000000000002
110.305
55.91999999999999
76.525
110.49000000000001
58.48000000000002
64.89499999999998
77.81000000000006
98.31499999999994
60.90499999999997
111.63999999999999
64.53500000000008
75.15499999999997
146.835
76.03999999999999
74.94999999999999
56.129999999999995
96.24000000000001
97.95499999999998
61.485000000000014
88.26499999999999
91.20500000000004
55.889999999999986
58.52999999999997
57.56000000000006
91.965
59.58500000000001
55.109999999999985
54.08500000000001
70.055
81.14999999999998
81.19
70.21500000000003
63.210000000000036
61.80499999999995
87.36500000000001
62.64999999999998
100.34000000000003
197.905
62.17499999999998
72.06
57.400000000000034
66.42000000000002
82.63499999999999
59.36500000000001
63.36500000000001
98.05499999999995
81.51999999999998
89.93500000000006
65.355
52.584999999999994
57.67500000000001
63.405
66.43999999999997
105.33000000000004
98.88999999999999
91.87000000000006
115.08499999999992
75.19500000000005
66.62
68.91999999999996
105.105
78.11999999999999
77.06500000000003
54.69499999999999
61.10500000000002
64.96999999999997
75.58999999999997
65.35500000000002
71.60500000000002
61.59500000000003
54.91999999999996
77.79500000000007
89.97499999999991
57.66500000000008
101.83
53.155000000000015
71.16999999999999
66.62000000000003
66.25
72.50999999999999
74.71499999999997
69.40499999999997
70.375
74.245
63.735000000000014
95.57000000000005
117.55499999999995
114.97
71.23000000000002
115.01500000000001
64.00999999999999
81.29499999999996
89.875
66.91000000000008
70.63
65.20999999999992
81.33500000000004
77.83500000000004
56.444999999999936
76.455
89.39
72.32500000000002
62.914999999999964
69.03500000000003
153.765
77.01999999999998
60.52500000000009
71.14499999999998
87.70999999999992
64.31500000000005
69.245
80.845
62.89500000000001
79.88499999999999
79.125
54.30500000000001
54.74000000000001
69.88999999999999
140.79000000000002
76.88
102.27499999999998
73.22500000000002
79.245
94.575
69.955
57.920000000000016
101.37499999999997
86.945
69.94500000000005
79.16999999999996
58.16500000000008
59.875
69.26499999999999
76.54999999999995
94.91499999999996
66.86500000000001
110.85000000000001
68.71499999999999
82.43
96.96499999999997
69.22000000000003
71.55000000000001
73.90999999999997
70.32500000000005
73.45499999999993
75.28000000000009
100.375
67.23500000000001
79.535
82.17500000000001
79.79499999999999
60.47000000000003
80.15499999999997
108.24000000000001
62.59500000000003
60.444999999999936
84.21500000000003
77.83500000000004
63.164999999999964
69.88999999999999
57.379999999999995
122.745
86.97
67.29999999999998
96.47000000000003
97.63499999999999
92.46000000000004
70.22000000000003
70.02499999999998
80.88999999999999
65.45500000000004
72.52499999999998
88.275
89.38
103.92999999999998
60.67500000000001
67.22000000000003
64.92500000000001
58.87999999999994
66.79500000000007
78.10000000000002
66.18999999999994
71.73000000000002
63.39999999999998
62.5
89.805
60.625
85.16499999999999
64.275
69.695
75.54500000000002
90.79499999999996
91.07000000000005
68.245
78.66999999999996
106.56000000000006
57.309999999999945
93.245
80.975
79.36000000000001
85.96000000000001
64.445
69.19999999999999
82.195
59.075000000000045
74.93999999999994
88.96500000000003
71.10500000000002
69.36500000000001
65.755
134.35
95.72
66.61500000000001
58.05500000000001
73.66000000000003
63.09499999999997
74.32500000000005
60.35500000000002
56.19999999999993
80.87
78.60000000000002
56.95500000000004
70.45
75.08999999999999
72.57500000000002
83.20999999999998
65.46000000000004
68.755
65.61000000000001
104.18
77.86000000000001
77.28499999999997
69.02999999999997
59.940000000000055
63.414999999999964
94.925
76.665
67.10499999999999
72.07
58.84500000000003
66.57999999999998
61.94
94.39499999999998
69.25
61.875
56.68500000000006
79.02999999999997
67.31500000000005
90.315
119.76000000000002
69.03
71.89499999999998
65.06
55.07499999999999
60.77499999999998
77.77500000000009
84.09999999999991
64.255
61.8900000000001
68.6049999999999
215.035
76.45500000000001
68.67000000000002
94.86500000000001
75.38499999999993
84.08500000000004
72.98000000000002
73.15499999999997
68.14999999999998
89.21500000000003
58.19500000000005
87.995
84.60999999999999
67.86500000000001
69.10999999999999
61.535000000000025
87.54000000000002
88.55000000000001
72.19499999999994
65.88499999999999
125.32000000000005
75.60500000000002
67.77499999999998
132.495
90.655
68.28999999999999
69.09500000000003
91.40999999999997
93.84999999999997
82.02500000000009
68.33999999999992
84.28500000000008
65.64499999999998
66.01499999999999
84.62
67.66999999999999
66.125
53.72
74.17000000000002
68.805
67.60000000000002
54.65999999999997
63.40499999999997
51.610000000000014
67.23500000000001
67.51999999999998
82.58500000000004
65.89499999999998
62.53499999999997
89.53
60.59
88.69
67.10500000000002
72.445
68.625
85.97000000000003
65.60500000000002
57.14999999999998
61.47000000000003
63.969999999999914
75.19500000000005
58.33000000000004
57.684999999999945
93.38
53.70000000000002
72.45499999999998
58.74000000000004
75.24499999999995
76.305
80.33500000000004
98.63499999999993
92.42000000000007
60.76999999999998
60.68500000000006
76.89499999999998
57.719999999999914
101.055
90.53999999999999
84.51000000000002
60.97999999999996
58.75500000000005
58.25
64.29999999999995
61.09000000000003
79.375
63.514999999999986
61.81000000000006
73.97499999999991
67.58500000000004
116.60000000000001
72.455
62.79499999999999
98.30500000000004
96.935
81.97000000000003
61.664999999999964
67.87
72.11000000000001
60.07499999999993
67.88
63.02500000000009
50.664999999999964
96.22500000000001
66.99499999999999
77.92500000000001
56.275000000000006
67.435
74.25999999999999
77.18499999999995
61.38000000000011
107.03999999999996
54.18999999999994
86.6400000000001
75.09499999999991
62.514999999999986
89.91
63.38500000000002
71.94999999999999
53.660000000000025
91.44
64.305
79.51999999999992
84.85500000000002
68.43000000000006
90.83499999999992
112.43000000000006
92.25
99.44500000000001
62.584999999999994
62.565
71.66999999999999
105.75
70.33500000000004
60.559999999999945
71.80500000000006
58.495000000000005
68.70999999999992
67.3950000000001
59.754999999999995
58.77999999999997
79.57500000000005
87.095
67.41499999999999
71.07500000000002
65.28
84.98500000000001
64.91499999999996
54.235000000000014
73.90499999999997
94.88999999999999
131.74
113.10500000000002
71.845
70.76500000000001
61.565
71.42500000000001
81.61500000000001
60.69499999999999
83.08999999999997
74.76999999999998
68.64499999999998
63.825000000000045
74.77499999999998
71.
65.46500000000003
65.35000000000002
108.47
84.77000000000001
65.30000000000001
62.26999999999998
82.57499999999999
73.28500000000003
66.40500000000003
155.77999999999997
77.94000000000005
70.00999999999999
73.55499999999995
66.98000000000002
88.905
65.32499999999999
61.81
59.680000000000035
59.03499999999997
54.795000000000016
77.755
57.57499999999999
63.129999999999995
59.139999999999986
72.74000000000001
77.54500000000007
76.55499999999995
67.76499999999999
87.525
90.92500000000001
68.225
63.28499999999997
63.48000000000002
101.13
69.70499999999998
79.32000000000005
62.36500000000001
65.64499999999998
83.23500000000001
58.194999999999936
67.72000000000003
88.875
64.55000000000001
62.76999999999998
107.28500000000003
85.59999999999997
68.30000000000001
63.41999999999996
58.750000000000114
57.13499999999999
65.36500000000001
56.71499999999992
120.06500000000005
55.549999999999955
90.845
82.61500000000001
64.58500000000001
76.13999999999999
62.72500000000002
72.03999999999996
69.435
66.20000000000005
69.33499999999992
63.625
63.84000000000003
57.575000000000045
59.10500000000002
57.924999999999955
88.065
72.55000000000001
59.345
65.92999999999998
68.995
66.20000000000005
99.99000000000001
101.23000000000002
64.17499999999995
79.67499999999995
66.09000000000003
64.39999999999998
82.40500000000009