93.785
143.1
71.09500000000003
82.95499999999998
86.63999999999999
85.695
68.63
82.46500000000003
73.63499999999999
69.64999999999998
69.0200000000001
53.33499999999992
67.31
84.32499999999999
52.30000000000001
66.73000000000002
97.70999999999998
154.265
76.90499999999997
72.88000000000011
68.44999999999993
96.21500000000003
60.389999999999986
100.23000000000002
63.945
81.88000000000002
60.00999999999999
106.21000000000001
67.48500000000001
76.69999999999999
67.48500000000001
81.84500000000003
65.14999999999998
63.819999999999936
64.125
54.555000000000064
71.39499999999998
52.54499999999996
130.895
132.98999999999998
79.185
74.04500000000002
90.41000000000003
63.63999999999993
63.405000000000086
72.505
62.299999999999955
111.25
87.81000000000006
96.645
68.34500000000001
78.6
116.26000000000002
64.63999999999999
82.685
54.34499999999997
59.485000000000014
68.22000000000003
80.62
59.72500000000002
98.01999999999998
90.59
52.44499999999999
69.69
78.64000000000001
64.94999999999999
60.264999999999986
65.05000000000001
61.995000000000005
63.02999999999997
76.30000000000007
74.15999999999997
116.11000000000001
114.38
81.395
57.87000000000002
72.19
69.48999999999998
66.17000000000002
81.85500000000002
72.16499999999996
85.93500000000006
57.85500000000002
106.31999999999994
68.01999999999998
72.48500000000001
87.745
94.965
60.88499999999999
72.745
60.81000000000003
122.50999999999999
68.33499999999998
91.19500000000005
63.90499999999997
65.07500000000005
60.219999999999914
71.65000000000009
105.33999999999992
60.63499999999999
108.055
62.125
78.055
65.47499999999997
109.76000000000005
71.33499999999998
59.62500000000006
55.58499999999992
66.43000000000006
57.69999999999993
100.54000000000008
70.81999999999994
72.46000000000004
137.235
76.76999999999998
71.98500000000001
90.04500000000002
90.82999999999998
76.33000000000004
54.26999999999998
51.59500000000003
80.93999999999994
67.67000000000007
74.83999999999992
69.09500000000003
79.72
61.66
72.46000000000001
78.44500000000002
63.789999999999964
70.315
94.82000000000005
75.60000000000002
54.04499999999996
71.255
72.04499999999996
61.485000000000014
70.46500000000003
67.82000000000005
59.905
77.51500000000001
72.655
60.79499999999999
71.505
90.495
59.120000000000005
54.57000000000005
62.289999999999964
86.74000000000001
66.875
87.15499999999997
77.96000000000004
89.395
91.68500000000002
79.95000000000002
60.139999999999986
92.65499999999997
59.98000000000002
52.42500000000001
69.505
86.03999999999996
77.36000000000001
68.48500000000001
126.38499999999999
97.32000000000001
72.17999999999999
78.375
61.379999999999995
72.66500000000002
111.67000000000002
70.48000000000002
73.
69.27499999999998
62.629999999999995
69.51499999999999
59.690000000000055
59.29499999999996
87.505
67.155
57.890000000000015
86.27999999999997
61.32000000000005
89.01999999999998
66.28000000000003
60.89999999999998
65.64999999999998
60.97500000000002
77.07500000000005
73.005
61.319999999999936
62.440000000000055
77.765
64.645
118.26000000000002
83.81
85.07499999999999
69.67500000000001
78.11500000000001
62.754999999999995
83.51499999999999
81.98500000000001
57.174999999999955
77.17500000000007
129.155
85.04500000000002
75.285
68.76999999999998
60.785000000000025
70.91499999999996
63.935
64.19000000000005
84.30999999999995
95.95500000000004
69.69499999999994
53.73000000000002
96.395
71.60000000000001
62.685
62.97500000000002
92.22999999999996
58.295000000000016
73.72999999999996
87.70000000000005
70.00999999999999
85.86500000000001
85.34000000000003
145.40499999999997
76.215
59.905
74.11500000000001
80.435
71.33999999999997
105.35500000000002
108.20500000000004
102.47499999999991
62.135000000000105
111.82499999999993
58.75
80.12
118.17
78.335
69.15000000000003
89.20999999999998
73.64999999999998
69.815
69.04000000000002
87.55500000000006
56.229999999999905
60.2650000000001
72.01499999999999
84.89499999999998
176.29
62.21000000000001
89.76499999999999
58.28000000000003
88.09499999999997
82.11000000000001
67.34500000000003
78.26999999999998
59.610000000000014
97.34500000000003
53.89999999999998
91.855
55.06500000000001
78.45499999999998
76.41500000000002
118.49000000000001
79.10499999999996
65.27499999999998
86.38499999999999
59.010000000000105
59.389999999999986
59.08499999999992
66.95000000000005
62.49000000000001
95.83
64.98
111.58999999999997
63.700000000000045
71.04499999999996
140.89499999999998
139.115
74.44500000000005
75.73000000000002
83.10500000000002
103.10000000000001
86.17999999999999
82.69000000000003
72.08999999999997
57.29000000000002
58.15999999999997
74.72000000000003
67.04499999999996
61.07000000000005
72.89499999999998
61.555000000000064
76.505
124.27499999999998
186.145
78.465
71.96499999999997
57.200000000000045
74.76999999999998
62.815
74.07000000000005
72.09499999999991
76.43000000000006
84.48000000000002
110.88
82.64
66.06000000000002
96.42999999999998
127.71500000000003
67.57499999999999
80.99999999999994
56.05000000000007
75.28999999999996
87.47500000000002
71.66999999999996
81.62
65.60500000000002
72.79
63.82000000000001
87.685
63.36500000000001
83.995
132.17499999999995
62.730000000000075
61.75999999999999
67.58999999999992
85.88
66.56000000000006
119.44500000000005
83.2
74.64
62.28999999999999
112.38999999999999
67.18
58.735000000000014
72.32999999999998
93.52999999999997
80.21500000000003
83.32500000000005
70.53499999999997
65.88999999999999
68.53000000000009
136.08
78.75
72.16
62.389999999999986
63.11500000000001
81.065
79.75500000000005
88.33499999999992
90.05500000000006
62.61500000000001
88.745
166.255
86.49000000000001
70.63999999999999
86.54000000000002
69.555
66.14499999999998
112.40999999999997
67.1400000000001
68.33499999999992
61.91500000000008
66.76499999999999
99.99000000000001
63.97
70.245
74.78
56.254999999999995
75.61500000000001
63.589999999999975
64.73500000000007
84.43999999999994
60.90999999999997
69.23500000000001
71.56500000000005
63.625
60.245000000000005
111.60000000000001
68.05999999999999
72.76500000000001
80.17500000000001
111.76499999999999
63.82499999999999
63.660000000000025
64.20500000000004
56.514999999999986
75.23000000000002
71.32999999999993
112.31500000000005
95.21000000000001
61.
60.595
70.92000000000002
57.00999999999999
55.30500000000001
70.07
53.89999999999998
65.79000000000008
72.01999999999998
59.95999999999992
60.92000000000007
60.64499999999998
52.799999999999955
63.835000000000036
95.905
83.31
67.62
74.67499999999998
102.14500000000004
63.25999999999999
77.78000000000003
81.82499999999993
56.72000000000003
62.59500000000003
66.52999999999997
76.85500000000002
65.35500000000002
80.83
65.41000000000001
86.875
77.58499999999998
103.70000000000005
66.565
97.02499999999998
56.74000000000001
85.505
63.49000000000001
63.09000000000003
58.125
67.66499999999996
92.965
107.12
76.57000000000002
74.53999999999996
69.995
59.829999999999984
102.73500000000001
60.60500000000002
64.65499999999997
64.26499999999999
89.96000000000004
69.52499999999998
79.63
60.16
60.110000000000014
64.98499999999999
102.51500000000004
56.339999999999975
59.13499999999999
65.65499999999997
67.67000000000007
55.75
75.21499999999992
59.6400000000001
75.55999999999995
71.83500000000004
101.935
64.69
71.225
58.07000000000002
61.27499999999998
82.73000000000002
70.96499999999997
70.66500000000008
62.104999999999905
108.22000000000003
61.77499999999998
73.44500000000005
67.26999999999998
94.985
72.43500000000002
74.625
58.089999999999975
69.305
109.66500000000002
65.83500000000004
61.120000000000005
64.34499999999991
78.15000000000009
68.66499999999996
80.85000000000002
59.735000000000014
85.915
90.89999999999999
89.08499999999998
62.795000000000016
83.49000000000001
106.16500000000002
70.14999999999998
64.64499999999998
64.47500000000002
74.85500000000002
78.22000000000003
76.82999999999993
106.125
87.88499999999999
91.35000000000002
94.89999999999998
66.33000000000004
83.255
80.66999999999996
92.875
67.64499999999998
73.57000000000005
103.44000000000005
108.035
60.254999999999995
68.50500000000002
59.454999999999984
61.264999999999986
64.76500000000004
85.84499999999997
64.18500000000006
62.184999999999945
79.81500000000005
71.67999999999995
79.18000000000006
74.755
255.715
65.04499999999999
62.785000000000025
64.26499999999999
70.41000000000003
92.005
79.78499999999997
79.99000000000001
77.45500000000004
137.39499999999998
91.025
61.94499999999999
92.19
60.930000000000035
76.16999999999996
74.59000000000003
69.92499999999995
72.97000000000003
102.625
67.92500000000007
66.55499999999995
99.17999999999995
99.345
73.14500000000001
56.51999999999998
78.89000000000004
83.94999999999999
62.94999999999999
103.42000000000002
62.15499999999997
73.24000000000001
57.69500000000005
71.57999999999993
58.50999999999999
101.13999999999999
99.175
98.925
68.74000000000004
89.88499999999999
105.99000000000001
74.00999999999999
77.60500000000002
71.88499999999999
60.924999999999955
57.565000000000055
83.36000000000001
105.76999999999998
74.9
72.59
74.01499999999999
133.185
89.63999999999999
60.950000000000045
59.089999999999975
59.764999999999986
68.80000000000007
58.82499999999993
57.61500000000001
130.52999999999997
99.185
86.55000000000001
57.39999999999998
91.18
74.875
95.35500000000002
74.38500000000005
80.28499999999997
65.26999999999998
70.05499999999995
119.20500000000004
79.03499999999997
108.81
68.07499999999999
70.14500000000001
59.765000000000015
79.84999999999997
94.17500000000001
77.32
63.85500000000002
77.39499999999998
73.24000000000001
85.47000000000003
67.03499999999997
69.04000000000008
68.85000000000001
63.094999999999985
65.51000000000002
69.05999999999997
58.59500000000003
65.495
61.610000000000014
72.19999999999993
60.56000000000006
79.62
68.
54.960000000000036
88.7349999999999
62.60000000000002
78.91
60.620000000000005
63.035
70.92500000000001
78.68
55.370000000000005
75.07
75.33500000000004
65.24000000000001
74.16499999999996
56.78499999999997
106.58500000000004
62.299999999999955
80.965
70.52000000000001
72.09
82.03999999999999
86.54500000000002
78.565
52.02499999999998
58.889999999999986
66.31500000000005
90.01999999999998
79.87
70.71500000000003
93.
76.91
67.17000000000002
65.75
102.30499999999998
79.195
69.04000000000002
91.11500000000001
61.17999999999995
85.87
126.85000000000002
60.5
77.79500000000007
72.53
57.94999999999999
73.72500000000002
81.10999999999999
75.62
103.19999999999999
97.16500000000008
63.819999999999936
68.95500000000004
85.33499999999992
52.33000000000004
81.31000000000006
67.58500000000001
100.99000000000001
60.204999999999984
83.70000000000002
72.805
81.44
59.049999999999955
56.335000000000036
79.875
54.184999999999945
81.79000000000008
76.68499999999995
72.58000000000004
108.625
79.45000000000002
89.72
96.99000000000001
74.96499999999997
64.875
64.05000000000007
82.54999999999995
110.82500000000005
55.30499999999995
67.06500000000005
60.014999999999986
68.785
70.43
70.935
62.28
76.02499999999998
59.485000000000014
69.75
73.17500000000001
87.64999999999998
105.18000000000006
150.72500000000002
56.389999999999986
161.35
59.92500000000001
66.06500000000003
77.17999999999995
59.
79.83000000000004
57.049999999999955
65.81000000000006
72.24000000000001
60.75999999999999
110.04999999999995
74.08000000000004
131.92000000000002
64.845
79.08000000000001
72.25999999999999
86.19
64.14999999999998
58.865000000000066
57.729999999999905
69.04500000000007
57.870000000000005
77.80999999999995
72.08500000000004
75.17499999999995
125.08
87.78000000000002
56.82499999999999
106.38999999999999
130.19500000000005
75.91000000000003
68.4849999999999
90.3950000000001
76.41999999999996
72.24000000000001
95.87
126.5
58.18000000000001
60.254999999999995
73.13999999999999
71.47500000000002
65.77999999999997
75.99500000000006
79.88499999999999
73.52999999999997
56.99000000000001
65.13499999999999
59.99000000000001
65.93499999999995
85.93
91.95499999999998
71.33500000000001
55.29499999999999
56.04000000000002
77.38
59.120000000000005
67.79500000000002
102.71000000000004
93.51499999999999
90.125
61.
60.05499999999995
134.91
78.285
64.22500000000002
66.44
67.34499999999997
97.57000000000005
98.50499999999994
65.03500000000008
70.495
87.77499999999998
88.755
99.215
68.57
50.170000000000016
82.33000000000001
77.73499999999996
57.650000000000034
75.24000000000001
63.910000000000025
80.08499999999992
134.7700000000001
59.01999999999998
71.125
57.969999999999914
95.69
53.91499999999999
74.88000000000002
67.45999999999998
66.42500000000001
61.06
60.22500000000002
64.72499999999997
124.42000000000007
90.1099999999999
72.5
87.60500000000002
69.22
73.505
65.81
88.66
88.96000000000004
69.78499999999997
68.97499999999997
87.72500000000002
85.49000000000001
86.40499999999997
88.23000000000002
56.25
100.13
67.42500000000001
101.94999999999999
70.84500000000003
135.72999999999996
70.50000000000006
69.31499999999994
78.50999999999999
66.22000000000003
60.78499999999997
79.04000000000008
57.414999999999964
120.655
69.02000000000001
62.870000000000005
55.82499999999999
63.579999999999984
61.150000000000034
89.67999999999995
79.13
118.32500000000005
68.81500000000005
100.40499999999997
61.66999999999996
167.135
100.375
84.84500000000003
81.27499999999998
88.05000000000007
79.12
69.80999999999995
75.86000000000001
57.11500000000001
80.59500000000003
78.65999999999997
110.
53.56999999999999
70.45500000000001
59.244999999999976
75.17500000000001
85.95500000000004
61.81999999999999
55.90499999999997
56.09500000000003
73.88999999999999
72.31000000000006
101.7399999999999
77.79000000000008
88.63
108.88
67.195
67.88500000000005
85.16499999999996
52.55000000000001
71.555
117.33500000000004
86.75999999999999
60.125
70.745
59.15499999999997
90.98
57.40499999999999
93.33500000000001
80.47999999999999
72.01000000000005
102.375
74.34000000000003
57.46499999999992
93.63999999999999
68.0200000000001
60.54499999999996
54.09500000000003
78.25999999999999
90.405
75.505
62.24000000000001
81.23499999999999
74.79500000000002
108.72500000000002
70.66500000000002
70.83999999999992
73.125
58.25
72.75
63.95500000000004
83.09500000000003
80.66
106.28
71.69999999999999
68.51000000000005
61.315
64.65999999999997
72.01499999999999
79.86000000000001
84.52499999999998
103.32000000000005
75.65499999999997
70.35000000000002
120.235
58.43500000000002
51.474999999999994
64.93999999999997
83.95500000000004
66.20999999999998
87.39999999999998
84.55500000000006
67.93999999999994
88.12
113.995
60.950000000000045
100.125
64.02000000000001
52.51999999999998
127.58000000000001
75.46500000000003
59.539999999999964
67.63999999999999
63.53500000000008
98.83999999999992
62.09000000000003
75.85500000000002
98.29999999999995
119.355
99.295
85.66499999999999
71.745
77.31
83.05499999999995
68.55500000000006
62.40499999999997
90.19000000000005
92.66499999999996
76.91999999999996
135.685
71.74000000000001
76.06
97.08999999999997
56.24000000000001
84.70499999999998
58.58000000000004
59.004999999999995
61.870000000000005
69.25999999999999
58.44500000000005
52.125
75.74000000000001
82.47
64.97
60.629999999999995
61.19999999999999
77.70000000000005
96.19999999999999
87.565
59.70500000000004
88.27499999999998
69.23000000000002
96.28499999999997
53.98000000000002
94.22000000000003
84.08
55.92
97.76500000000001
57.484999999999985
61.59000000000003
80.92999999999995
72.64000000000004
55.05000000000001
51.34000000000003
59.514999999999986
60.69999999999993
89.53500000000008
67.90499999999997
69.30999999999995
123.675
58.31000000000002
76.05000000000001
69.34499999999997
120.84500000000003
93.92999999999995
54.06000000000006
68.38499999999999
139.12
60.39499999999998
63.97000000000003
60.
74.47500000000001
119.85000000000001
72.77000000000001
80.28499999999997
76.37
56.504999999999995
54.97500000000002
75.10500000000002
65.22500000000002
73.75999999999999
71.07499999999993
58.61500000000001
59.27499999999998
160.67000000000002
70.88
83.14999999999998
68.05000000000001
85.32
132.815
78.64999999999998
66.98000000000002
75.245
82.38
75.34500000000003
115.66
58.71000000000001
68.055
90.32499999999999
79.88999999999999
74.51500000000004
114.68
95.41499999999996
87.68000000000006
83.01499999999999
69.07499999999993
78.37
69.42500000000001
66.185
57.214999999999975
62.50999999999999
72.20500000000004
61.57499999999999
72.53499999999997
79.32000000000005
63.40499999999997
65.29999999999995
96.7700000000001
58.14499999999998
89.38999999999999
76.895
58.750000000000014
77.29499999999999
83.98000000000002
133.59499999999997
62.
62.805000000000064
100.31999999999994
76.08500000000004
105.38499999999999
57.13499999999999
72.86500000000001
84.08500000000001
86.23499999999999
73.685
106.66500000000002
77.82
86.56500000000005
104.08499999999992
85.505
61.22000000000003
70.01999999999998
53.56000000000006
81.71999999999991
127.85000000000001
67.21
85.60000000000002
103.53999999999996
61.80500000000001
81.30000000000007
81.09999999999991
106.0200000000001
58.4849999999999
77.12
73.93500000000006
59.694999999999936
87.
64.72999999999999
77.60000000000002
115.06499999999997
88.92500000000001
64.58500000000004
67.17000000000002
53.48000000000002
63.6099999999999
110.68000000000006
64.98000000000002
66.85000000000002
62.15499999999997
92.43
62.81
71.18
67.445
57.95999999999998
93.85500000000002
59.85000000000002
80.47999999999996
72.73500000000001
71.02999999999997
56.04500000000007
57.96499999999992
57.1400000000001
73.46999999999991
147.225
72.55000000000001
88.97999999999999
68.52000000000004
79.65499999999997
87.05000000000001
90.33000000000004
138.40499999999997
60.84500000000003
75.6049999999999
70.30000000000007
106.345
102.755
90.97999999999999
57.89000000000004
59.56999999999999
84.63499999999999
95.00000000000006
68.44499999999994
101.83500000000004
63.11500000000001
55.55499999999995
60.815000000000055
118.06
66.72
106.035
60.795000000000016
83.565
61.35000000000002
94.03000000000003
75.82999999999993
94.25
54.80000000000007
70.6049999999999
97.94500000000005
73.11
76.675
70.11000000000001
66.33000000000001
64.93
57.32499999999999
62.60500000000002
67.33499999999992
72.10500000000002
65.755
69.30500000000006
62.66999999999996
82.07500000000005
80.19999999999993
114.245
55.495000000000005
100.21999999999997
52.76000000000005
63.77499999999998
70.84500000000003
74.60000000000002
67.40499999999997
76.59500000000003
80.41499999999996
97.83000000000004
119.58499999999992
88.545
102.015
62.875
88.44999999999999
60.10500000000002
86.66500000000002
67.84499999999997
79.50999999999999
82.94000000000005
72.73000000000002
90.38499999999999
69.74000000000001
93.655
65.44
74.70500000000001
100.13499999999999
69.21500000000003
74.72499999999997
84.53499999999997
126.54500000000007
54.79499999999996
57.96500000000003
60.485000000000014
133.865
95.58500000000001
61.905
67.76999999999998
61.66500000000002
67.51999999999998
94.08500000000004
68.86499999999995
77.04000000000008
85.20999999999992
56.575000000000045
75.47000000000003
82.67999999999995
66.62
114.39
59.66000000000001
64.65
69.66999999999999
72.16000000000003
85.09499999999997
72.38999999999999
57.879999999999995
72.71500000000003
76.32000000000005
62.32999999999993
78.38999999999999
92.54000000000008
91.87
56.06
70.57999999999998
75.45500000000004
75.33499999999998
69.83999999999997
61.420000000000016
61.75500000000005
62.40499999999997
70.03999999999996
104.03500000000008
83.63
75.13999999999999